ChAsqLanguQ04 0.0171 0.0078 1.05 0.0073 0.6985 0.1027 2.2
ChAsqLanguQ05 0.0789 0.0101 1.064 0.0075 0.4407 0.0516 7.8
ChAsqLanguQ06 0.0379 0.0124 1.0539 0.0073 0.6463 0.0872 3.06
ChAsqLanguQ07 0.0528 0.0167 1.0379 0.007 0.5692 0.105 3.16
ChAsqMotorQ04 0.0936 0.0094 1.048 0.0076 0.2894 0.0457 9.92
ChAsqMotorQ05 0.0428 0.0099 1.0518 0.0075 0.5412 0.0779 4.31
ChAsqMotorQ06 0.0278 0.0123 1.0547 0.0071 0.7038 0.0909 2.25
ChAsqMotorQ07 0.0435 0.0166 1.028 0.0071 0.5334 0.1342 2.61
ChCastShortQ07 0.0827 0.0448 1.0027 0.0069 0.1286 0.3251 1.85
ChCbclAdhdQ05 0.0473 0.0093 1.0378 0.0073 0.4192 0.0815 5.07
ChCbclAdhdQ06 0.0061 0.012 1.0621 0.0071 0.9336 0.1066 0.513
ChCbclAdhdQ07 0.0333 0.0186 1.0407 0.0072 0.6832 0.1204 1.79
ChCbclExterQ05 0.0375 0.0089 1.055 0.0071 0.5674 0.0731 4.2
ChCbclExterQ06 0.0241 0.0125 1.0674 0.0072 0.7849 0.0838 1.93
ChCbclExterQ07 0.0323 0.0188 1.0437 0.0072 0.7059 0.1168 1.72
ChCbclInterQ05 0.0274 0.0095 1.0522 0.0072 0.6398 0.0878 2.87
ChCbclInterQ06 0.0472 0.0127 1.0378 0.007 0.5139 0.0946 3.73
ChCbclInterQ07 0.0426 0.0181 1.015 0.007 0.39 0.1815 2.36
ChCbclShortQ05 0.031 0.0091 1.0629 0.0072 0.6403 0.0731 3.4
ChCbclShortQ06 0.0243 0.0124 1.0699 0.0072 0.7869 0.0809 1.95
ChCbclShortQ07 0.0062 0.0181 1.0495 0.0071 0.9243 0.1332 0.342
ChCccCoherQ07 0.0024 0.0158 1.0292 0.0069 0.9599 0.2281 0.153
ChCccCoherQ09 0.0592 0.0235 1.037 0.0071 0.5958 0.1152 2.52
ChCccFullpQ07 0.0422 0.0166 1.0402 0.0072 0.6282 0.1118 2.54
ChCccFullpQ09 0.0529 0.0235 1.0525 0.0073 0.7027 0.0971 2.25
ChCebqShortQ09 0.0493 0.0166 1.0401 0.007 0.567 0.0997 2.96
ChCprsrsShortQ07 0.0226 0.0167 1.0583 0.0075 0.8128 0.1042 1.35
ChEasActivQ05 0.091 0.0109 1.0427 0.0077 0.2952 0.0531 8.35
ChEasActivQ06 0.0952 0.0143 1.0435 0.0072 0.3668 0.0606 6.66
ChEasActivQ07 0.0793 0.0196 1.0375 0.0076 0.4612 0.093 4.05
ChEasShyneQ05 0.0996 0.0106 1.0294 0.0077 0.2141 0.0564 9.37
ChEasShyneQ06 0.0795 0.0147 1.0522 0.0077 0.4585 0.0681 5.41
ChEasShyneQ07 0.1371 0.0195 1.0233 0.0072 0.2365 0.0729 7.04
ChEasSociaQ05 0.0284 0.009 1.045 0.007 0.5915 0.0924 3.15
ChEasSociaQ06 0.0434 0.0135 1.0578 0.0074 0.6352 0.0814 3.22
ChEasSociaQ07 0.0891 0.0183 1.0196 0.0069 0.29 0.1023 4.88
ChMchat6itemQ06 0.0237 0.0109 1.0095 0.0065 0.3229 0.2217 2.17
ChMchatShortQ06 0.0212 0.0109 1.0107 0.0066 0.375 0.2296 1.95
ChNhpic30BenevQ09 0.0526 0.0163 1.0393 0.0072 0.5476 0.1004 3.22
ChNhpic30ConscQ09 0.0917 0.0168 1.0379 0.0073 0.4043 0.0781 5.46
ChPpbsActivQ07 0.0457 0.0248 1.0191 0.0069 0.5328 0.1923 1.85
ChPpbsPassiQ07 0.0678 0.0267 1.0236 0.0069 0.4945 0.1441 2.54
ChPpbsReticQ07 0.0489 0.0262 1.0167 0.0072 0.478 0.2061 1.87
ChPpbsRoughQ07 0.0518 0.0256 1.0188 0.007 0.5005 0.1879 2.02
ChPpbsSociaQ07 0.0545 0.0257 1.0255 0.007 0.5642 0.1554 2.12
ChRsdbdAdhdQ09 0.0601 0.0167 1.0671 0.0074 0.637 0.0703 3.61
ChRsdbdConduQ09 0.025 0.0167 1.0643 0.0072 0.8072 0.0909 1.5
ChRsdbdHyperQ09 0.0765 0.0164 1.0567 0.0073 0.539 0.0696 4.67
ChRsdbdInattQ09 0.0608 0.0162 1.0554 0.0072 0.5919 0.0767 3.75
ChRsdbdOddQ09 0.0478 0.0171 1.0535 0.0075 0.6443 0.0907 2.8
ChScaredFullQ09 0.0256 0.0156 1.0328 0.007 0.6723 0.1433 1.64
ChSdqProsoQ06 0.0406 0.0123 1.0459 0.0076 0.5778 0.0951 3.3
ChSlasFullQ07 0.0114 0.0578 1.0117 0.0067 0.8655 0.492 0.197
ChSmfqFullQ09 0.0391 0.016 1.0264 0.007 0.5178 0.1377 2.45
ChSpinFullQ09 0.0625 0.0165 1.0523 0.0073 0.5635 0.0792 3.78
