ChAsqLanguQ04 0.0148 0.0078 1.0466 0.0072 0.7137 0.1108 1.9
ChAsqLanguQ05 0.0292 0.009 1.0351 0.0069 0.5323 0.1046 3.25
ChAsqLanguQ06 0.0038 0.0111 1.0388 0.007 0.9374 0.1683 0.345
ChAsqLanguQ07 0.0388 0.017 1.014 0.0068 0.3884 0.188 2.28
ChAsqMotorQ04 0.0764 0.0089 1.0511 0.0074 0.3477 0.0501 8.55
ChAsqMotorQ05 0.0383 0.0097 1.0526 0.0073 0.5723 0.0797 3.95
ChAsqMotorQ06 0.0244 0.0118 1.0304 0.007 0.6036 0.1382 2.06
ChAsqMotorQ07 0.0417 0.0163 1.0261 0.0071 0.5275 0.1426 2.56
ChCbclAdhdQ05 0.0215 0.0088 1.0198 0.0066 0.4701 0.1556 2.44
ChCbclExterQ05 0.0057 0.0086 1.0157 0.0067 0.7182 0.3082 0.663
ChCbclInterQ05 0.0078 0.0089 1.0262 0.007 0.7713 0.2072 0.869
ChCbclInterQ06 0.0128 0.0123 1.0133 0.007 0.5776 0.3025 1.04
ChCbclInterQ07 0.0099 0.0178 1.013 0.0067 0.7054 0.3655 0.555
ChCccCoherQ07 0.022 0.0158 1.0013 0.0065 0.0921 0.4744 1.39
ChCccCoherQ09 0.0614 0.0241 1.009 0.0067 0.2655 0.1966 2.55
ChCccFullpQ09 0.0364 0.0242 1.0104 0.0068 0.4186 0.2747 1.51
ChCprsrsShortQ07 0.039 0.0173 1.0009 0.0071 0.0395 0.3031 2.26
ChEasActivQ07 0.0233 0.0171 1.014 0.0068 0.5345 0.2576 1.36
ChEasSociaQ06 0.0043 0.012 1.0069 0.0067 0.6884 0.6652 0.355
ChEasSociaQ07 0.0082 0.0176 1.0204 0.0069 0.8146 0.2752 0.469
ChNhpic30BenevQ09 0.0184 0.0155 1.0158 0.0068 0.5816 0.2506 1.19
ChNhpic30ConscQ09 0.0148 0.0156 1.0024 0.0067 0.2073 0.5687 0.949
ChPpbsReticQ07 0.0262 0.0252 1.0089 0.0067 0.4936 0.3727 1.04
ChPpbsRoughQ07 0.0151 0.0261 1.0078 0.0068 0.5988 0.5211 0.578
ChRsdbdConduQ09 0.0331 0.0175 1.0595 0.0073 0.7511 0.0923 1.9
ChRsdbdHyperQ09 0.0227 0.0149 1.0185 0.0068 0.5716 0.2103 1.52
ChRsdbdInattQ09 0.0157 0.0159 1.0082 0.0066 0.4629 0.3727 0.987
ChRsdbdOddQ09 0.0244 0.0153 1.0048 0.0066 0.2441 0.3365 1.59
ChScaredFullQ09 0.0154 0.015 1.0197 0.007 0.68 0.2419 1.03
ChSdqProsoQ06 0.0124 0.0116 1.0314 0.0069 0.7612 0.1667 1.07
ChSlasFullQ07 0.0055 0.0618 1.0066 0.0071 0.8889 0.9553 0.0887
ChSmfqFullQ09 0.0618 0.0165 1.0048 0.0069 0.1156 0.1665 3.76
ChSpinFullQ09 0.0331 0.0174 1.05 0.0072 0.7102 0.1027 1.9
